   0.0000000e+00
   4.0194367e-14
   4.0194367e-14
   4.0194367e-14
   4.0194367e-14
   4.0194367e-14
   4.0194367e-14
   4.0194367e-14
   4.0194367e-14
   0.0000000e+00
   0.0000000e+00
   0.0000000e+00
   0.0000000e+00
   0.0000000e+00
   0.0000000e+00
  -5.0487098e-29
  -2.0097183e-14
   0.0000000e+00
  -2.0097183e-14
  -2.0097183e-14
  -2.0097183e-14
  -2.0097183e-14
  -2.0097183e-14
  -1.0048592e-14
  -1.0048592e-14
  -1.0048592e-14
  -1.0048592e-14
  -1.0048592e-14
  -1.0048592e-14
   0.0000000e+00
   2.0097183e-14
   2.0097183e-14
   1.0048592e-14
   2.0097183e-14
   1.0048592e-14
   1.0048592e-14
   1.0048592e-14
   3.0145775e-14
   3.7682219e-14
   5.9035476e-14
   2.3437007e+00
   5.0429328e+00
   5.0429328e+00
   5.0429328e+00
   5.0429328e+00
   5.0429328e+00
   5.0429328e+00
   5.0429328e+00
   5.0429328e+00
   5.0429328e+00
   5.0429328e+00
   5.0429328e+00
   5.0429328e+00
   5.0429328e+00
   5.0429328e+00
   5.0429328e+00
   5.0429328e+00
   2.2111348e+00
   3.0145775e-14
   1.0048592e-14
  -2.0097183e-14
  -2.0097183e-14
  -2.0097183e-14
  -2.0097183e-14
  -2.0097183e-14
  -2.0097183e-14
  -1.2621774e-29
  -1.2621774e-29
  -1.0048592e-14
  -1.0048592e-14
  -1.7791631e+00
  -4.1038416e+00
  -4.1038416e+00
  -4.1038416e+00
  -4.1038416e+00
  -4.1038416e+00
  -4.1038416e+00
  -4.1038416e+00
  -4.1038416e+00
  -4.1038416e+00
  -4.1038416e+00
  -4.1038416e+00
  -4.1038416e+00
  -4.1038416e+00
  -4.1038416e+00
  -4.1038416e+00
  -1.8856962e+00
   0.0000000e+00
   0.0000000e+00
   0.0000000e+00
   0.0000000e+00
  -7.9665593e-01
  -1.7110899e+00
  -1.7110899e+00
  -1.7110899e+00
  -1.7110899e+00
  -1.7110899e+00
  -1.7110899e+00
  -1.7110899e+00
  -1.7110899e+00
  -1.7110899e+00
  -1.7110899e+00
  -1.7110899e+00
  -1.7110899e+00
  -1.7110899e+00
  -1.7110899e+00
  -1.7110899e+00
  -1.7110899e+00
  -1.7110899e+00
  -1.7110899e+00
  -1.7110899e+00
  -1.7110899e+00
  -1.7110899e+00
  -1.7110899e+00
  -1.7110899e+00
  -1.7110899e+00
  -8.5599461e-01
  -1.1368684e-13
  -1.1368684e-13
   0.0000000e+00
   0.0000000e+00
   1.0097420e-28
   1.0097420e-28
   0.0000000e+00
   0.0000000e+00
   0.0000000e+00
  -1.1368684e-13
  -2.2737368e-13
  -6.6344861e-01
  -1.3430581e+00
  -1.3593887e+00
  -1.3671123e+00
  -1.3749247e+00
  -1.3749247e+00
  -1.3828273e+00
  -1.3908218e+00
  -1.3989098e+00
  -1.4070929e+00
  -1.4153729e+00
  -1.4237515e+00
  -1.4322304e+00
  -1.4408114e+00
  -1.4494966e+00
  -1.4582876e+00
  -1.4671866e+00
  -1.4761955e+00
  -1.4853164e+00
  -1.4945514e+00
  -1.5039026e+00
  -1.5133724e+00
  -1.5229628e+00
  -1.5326764e+00
  -1.5425155e+00
  -1.5524824e+00
  -1.5625799e+00
  -1.5728104e+00
  -1.5831767e+00
  -1.5936814e+00
  -1.6043273e+00
  -1.6151174e+00
  -1.6260546e+00
  -1.6371420e+00
  -1.6483826e+00
  -1.6597797e+00
  -1.6713366e+00
  -1.6830567e+00
  -1.6949436e+00
  -1.7070007e+00
  -1.7192318e+00
  -1.7316407e+00
  -1.7442314e+00
  -1.7570079e+00
  -1.7699743e+00
  -1.7699743e+00
  -1.7831350e+00
  -1.7831350e+00
  -5.1009131e-01
  -2.7254117e-01
  -2.7254117e-01
  -4.0194367e-14
  -4.0194367e-14
   1.0048592e-14
   1.0048592e-14
   1.0048592e-14
   1.0048592e-14
   2.0097183e-14
   3.0145775e-14
   2.0097183e-14
   2.0097183e-14
   3.0145775e-14
   4.0194367e-14
   4.5218663e-14
   5.0242959e-14
   5.0242959e-14
   4.5218663e-14
  -0.0000000e+00
  -3.7368201e-14
  -3.7368201e-14
  -4.0194367e-14
  -4.0194367e-14
  -4.0194367e-14
  -4.0194367e-14
  -4.0194367e-14
   1.2058310e-13
   2.6479592e+00
   5.0412884e+00
   5.0412884e+00
   5.0412884e+00
   5.0412884e+00
   5.0412884e+00
   5.0412884e+00
   5.0412884e+00
   5.0412884e+00
   5.0412884e+00
   5.0412884e+00
   5.0412884e+00
   5.0412884e+00
   2.4959306e+00
   2.2737368e-13
   0.0000000e+00
   0.0000000e+00
   0.0000000e+00
   0.0000000e+00
   1.1368684e-13
   1.1368684e-13
   1.1368684e-13
   1.1368684e-13
   1.1368684e-13
   1.1368684e-13
   1.1368684e-13
   0.0000000e+00
   0.0000000e+00
   2.2737368e-13
   2.2737368e-13
   1.7747843e+00
   3.5238454e+00
   3.5238454e+00
   3.5238454e+00
   3.5238454e+00
   3.5238454e+00
   3.5238454e+00
   3.5238454e+00
   3.5238454e+00
   3.5238454e+00
   3.5238454e+00
   3.5238454e+00
   1.8775581e+00
  -1.1368684e-13
  -2.6672438e+00
  -5.0429328e+00
  -5.0429328e+00
  -5.0429328e+00
  -5.0429328e+00
  -5.0429328e+00
  -5.0429328e+00
  -5.0429328e+00
  -5.0429328e+00
  -5.0429328e+00
  -5.0429328e+00
  -5.0429328e+00
  -5.0429328e+00
  -5.0429328e+00
  -5.0429328e+00
  -5.0429328e+00
  -5.0429328e+00
  -2.4880429e+00
  -0.0000000e+00
  -0.0000000e+00
  -0.0000000e+00
   2.4880429e+00
   5.0429328e+00
   5.0429328e+00
   5.0429328e+00
   5.0429328e+00
   5.0429328e+00
   5.0429328e+00
   5.0429328e+00
   5.0429328e+00
   5.0429328e+00
   5.0429328e+00
   5.0429328e+00
   5.0429328e+00
   5.0429328e+00
   5.0429328e+00
   5.0429328e+00
   5.0429328e+00
   2.5137482e+00
   0.0000000e+00
   0.0000000e+00
   0.0000000e+00
   0.0000000e+00
   0.0000000e+00
   0.0000000e+00
   0.0000000e+00
   0.0000000e+00
   0.0000000e+00
   0.0000000e+00
   0.0000000e+00
   0.0000000e+00
   0.0000000e+00
   0.0000000e+00
   0.0000000e+00
   0.0000000e+00
   0.0000000e+00
   0.0000000e+00
   0.0000000e+00
   0.0000000e+00
   0.0000000e+00
   0.0000000e+00
   2.7098475e+00
   5.4431297e+00
   5.4431297e+00
   5.4431297e+00
   5.4431297e+00
   5.4431297e+00
   5.4431297e+00
   5.4431297e+00
  -7.7265148e-02
  -5.4395004e+00
  -5.4431297e+00
  -5.4431297e+00
  -5.4431297e+00
  -5.4431297e+00
  -5.4431297e+00
  -5.4431297e+00
  -2.7377171e+00
   1.1368684e-13
   1.1368684e-13
   1.1368684e-13
   1.1368684e-13
   1.1368684e-13
   1.1368684e-13
   1.1368684e-13
   1.1368684e-13
   1.1368684e-13
   6.6178942e-01
   1.3252538e+00
   1.3252538e+00
   1.3252538e+00
   1.3252538e+00
   1.3252538e+00
   1.3252538e+00
   1.3252538e+00
   1.3252538e+00
   1.3252538e+00
   1.3252538e+00
   1.3252538e+00
   1.3252538e+00
   1.3252538e+00
   1.3252538e+00
   1.3252538e+00
   1.3252538e+00
   1.3252538e+00
   1.3252538e+00
   1.3252538e+00
   1.3252538e+00
   1.3252538e+00
   1.3252538e+00
   1.3252538e+00
   1.3252538e+00
   1.3252538e+00
   1.3252538e+00
   1.3252538e+00
   1.3252538e+00
   1.3252538e+00
   1.3252538e+00
   1.3252538e+00
   1.3252538e+00
   6.6247159e-01
   2.2737368e-13
   2.2737368e-13
   0.0000000e+00
   0.0000000e+00
   0.0000000e+00
   0.0000000e+00
   2.2737368e-13
   2.2737368e-13
   2.2737368e-13
   2.2737368e-13
  -0.0000000e+00
  -0.0000000e+00
  -0.0000000e+00
   0.0000000e+00
   2.5243549e-29
   2.5243549e-29
   0.0000000e+00
   0.0000000e+00
   0.0000000e+00
   0.0000000e+00
  -0.0000000e+00
   0.0000000e+00
  -0.0000000e+00
  -0.0000000e+00
   2.2737368e-13
   2.2737368e-13
   5.0806087e-01
   1.0155672e+00
   1.0155672e+00
   1.0155672e+00
   1.0155672e+00
   1.0155672e+00
   1.0155672e+00
   1.0155672e+00
   1.0155672e+00
   1.0155672e+00
   1.0155672e+00
   1.0155672e+00
   1.0155672e+00
   1.0155672e+00
   1.0155672e+00
   1.0155672e+00
   1.0155672e+00
   1.0155672e+00
   1.0155672e+00
   1.0155672e+00
   1.0155672e+00
   1.0155672e+00
   1.0155672e+00
   1.0155672e+00
   1.0155672e+00
   1.0155672e+00
   1.0155672e+00
   1.0155672e+00
   1.0155672e+00
   1.0155672e+00
   1.0155672e+00
   1.0155672e+00
   1.0155672e+00
   1.0155672e+00
   1.0155672e+00
   1.0155672e+00
   1.0155672e+00
   1.0155672e+00
   1.0155672e+00
   1.0155672e+00
   1.0155672e+00
   1.0155672e+00
   1.0155672e+00
   5.0507266e-01
   4.5474735e-13
   2.2737368e-13
   2.2737368e-13
   2.2737368e-13
   2.2737368e-13
   2.2737368e-13
   2.2737368e-13
   2.2737368e-13
   2.2737368e-13
  -0.0000000e+00
   2.2737368e-13
  -0.0000000e+00
  -0.0000000e+00
  -0.0000000e+00
   0.0000000e+00
   0.0000000e+00
  -0.0000000e+00
  -0.0000000e+00
  -0.0000000e+00
  -0.0000000e+00
  -0.0000000e+00
  -0.0000000e+00
  -0.0000000e+00
  -0.0000000e+00
   0.0000000e+00
   0.0000000e+00
   0.0000000e+00
  -0.0000000e+00
  -0.0000000e+00
  -0.0000000e+00
  -0.0000000e+00
  -0.0000000e+00
  -0.0000000e+00
  -0.0000000e+00
  -0.0000000e+00
   2.0194839e-28
   2.5024667e+00
   5.0412884e+00
   5.0412884e+00
   5.0412884e+00
   5.0412884e+00
   5.0412884e+00
   5.0412884e+00
   5.0412884e+00
   5.0412884e+00
   5.0412884e+00
   5.0412884e+00
   5.0412884e+00
   5.0412884e+00
   4.9182679e+00
