  -8.3666526e-01   1.0888225e+00
  -8.0690916e-01   1.0590664e+00
  -7.7715306e-01   1.0293104e+00
  -7.4739697e-01   9.9955425e-01
  -7.1764087e-01   9.6979816e-01
  -6.8788477e-01   9.4004206e-01
  -6.5812867e-01   9.1028596e-01
  -6.2837258e-01   8.8052986e-01
  -5.9861648e-01   8.5077377e-01
  -5.6886038e-01   8.2101767e-01
  -5.3910428e-01   7.9126157e-01
  -5.0934819e-01   7.6150547e-01
  -4.7959209e-01   7.3174938e-01
  -4.4983599e-01   7.0199328e-01
  -4.2007989e-01   6.7223718e-01
  -3.9032380e-01   6.4248108e-01
  -3.6056770e-01   6.1272499e-01
  -3.3081160e-01   5.8296889e-01
  -3.0105550e-01   5.5321279e-01
  -2.7129941e-01   5.2345669e-01
  -2.4154331e-01   4.9370059e-01
  -2.1178721e-01   4.6394450e-01
  -1.8203111e-01   4.3418840e-01
  -1.5227501e-01   4.0443230e-01
  -1.2251892e-01   3.7467620e-01
  -9.2762820e-02   3.4492011e-01
  -6.3006722e-02   3.1516401e-01
  -3.3250625e-02   2.8540791e-01
  -3.4945270e-03   2.5565181e-01
   2.6261571e-02   2.2589572e-01
   5.6017668e-02   1.9613962e-01
   8.5773766e-02   1.6638352e-01
   1.1552986e-01   1.3662742e-01
   1.4528596e-01   1.0687133e-01
   1.7504206e-01   7.7115229e-02
   2.0479816e-01   4.7359132e-02
   2.3455425e-01   1.7603034e-02
   2.6431035e-01  -1.2153064e-02
   2.9406645e-01  -4.1909161e-02
   3.2382255e-01  -7.1665259e-02
   3.5357864e-01  -1.0142136e-01
   3.8197272e-01  -1.2499949e-01
   4.1421580e-01  -1.4295877e-01
   4.4920989e-01  -1.5468761e-01
   4.8576331e-01  -1.5978659e-01
   5.2263127e-01  -1.5808209e-01
   5.5855828e-01  -1.4963213e-01
   5.9232090e-01  -1.3472448e-01
   6.2276936e-01  -1.1386679e-01
   6.4886679e-01  -8.7769361e-02
   6.6972448e-01  -5.7320896e-02
   6.8463213e-01  -2.3558284e-02
   6.9308209e-01   1.2368729e-02
   6.9478659e-01   4.9236692e-02
   6.8968761e-01   8.5790110e-02
   6.7795877e-01   1.2078420e-01
   6.5999949e-01   1.5302728e-01
   6.3642136e-01   1.8142136e-01
   6.0331847e-01   2.1452424e-01
   5.7021559e-01   2.4762712e-01
   5.3711271e-01   2.8073001e-01
   5.0400982e-01   3.1383289e-01
   4.7090694e-01   3.4693577e-01
   4.3780406e-01   3.8003866e-01
   4.0470117e-01   4.1314154e-01
   3.7159829e-01   4.4624442e-01
   3.3849541e-01   4.7934731e-01
   3.0539252e-01   5.1245019e-01
   2.7228964e-01   5.4555307e-01
   2.3918676e-01   5.7865596e-01
   2.0608387e-01   6.1175884e-01
   1.8253919e-01   6.3905367e-01
   1.6325433e-01   6.6950780e-01
   1.4864674e-01   7.0246199e-01
   1.3903264e-01   7.3720287e-01
   1.3462015e-01   7.7297842e-01
   1.3550478e-01   8.0901420e-01
   1.4166738e-01   8.4453014e-01
   1.5297455e-01   8.7875744e-01
   1.6918153e-01   9.1095517e-01
   1.8993747e-01   9.4042635e-01
   2.1479309e-01   9.6653303e-01
   2.4321033e-01   9.8871006e-01
   2.7457404e-01   1.0064774e+00
   3.0820529e-01   1.0194504e+00
   3.4337607e-01   1.0273482e+00
   3.7932504e-01   1.0300000e+00
   4.2146003e-01   1.0300000e+00
   4.6359502e-01   1.0300000e+00
   5.0573001e-01   1.0300000e+00
   5.4786501e-01   1.0300000e+00
   5.9000000e-01   1.0300000e+00
   6.2673245e-01   1.0288456e+00
   6.6331994e-01   1.0253871e+00
   6.9961807e-01   1.0196380e+00
   7.3548358e-01   1.0116211e+00
   7.7077494e-01   1.0013681e+00
   8.0535286e-01   9.8891924e-01
   8.3908089e-01   9.7432383e-01
   8.7182590e-01   9.5763941e-01
   9.0345868e-01   9.3893184e-01
   9.3385437e-01   9.1827494e-01
   9.6289303e-01   8.9575025e-01
   9.9046006e-01   8.7144665e-01
   1.0164466e+00   8.4546006e-01
   1.0407502e+00   8.1789303e-01
   1.0632749e+00   7.8885437e-01
   1.0839318e+00   7.5845868e-01
   1.1026394e+00   7.2682590e-01
   1.1193238e+00   6.9408089e-01
   1.1339192e+00   6.6035286e-01
   1.1463681e+00   6.2577494e-01
   1.1566211e+00   5.9048358e-01
   1.1646380e+00   5.5461807e-01
   1.1703871e+00   5.1831994e-01
   1.1738456e+00   4.8173245e-01
   1.1750000e+00   4.4500000e-01
   1.1750000e+00   4.0833333e-01
   1.1750000e+00   3.7166667e-01
   1.1750000e+00   3.3500000e-01
   1.1750000e+00   2.9833333e-01
   1.1750000e+00   2.6166667e-01
   1.1750000e+00   2.2500000e-01
   1.1750000e+00   1.8833333e-01
   1.1750000e+00   1.5166667e-01
   1.1750000e+00   1.1500000e-01
   1.1750000e+00   7.8333333e-02
   1.1750000e+00   4.1666667e-02
   1.1750000e+00   5.0000000e-03
   1.1741389e+00  -3.0809970e-02
   1.1715574e+00  -6.6537154e-02
   1.1631713e+00  -1.0150477e-01
   1.1531473e+00  -1.3583293e-01
   1.1415276e+00  -1.6944550e-01
   1.1283576e+00  -2.0226886e-01
   1.1136862e+00  -2.3423213e-01
   1.0975654e+00  -2.6526730e-01
   1.0800506e+00  -2.9530935e-01
   1.0611996e+00  -3.2429643e-01
   1.0410732e+00  -3.5216995e-01
   1.0197347e+00  -3.7887473e-01
   9.9724955e-01  -4.0435905e-01
   9.7368561e-01  -4.2857481e-01
   9.4911254e-01  -4.5147758e-01
   9.2360178e-01  -4.7302667e-01
   8.9722636e-01  -4.9318523e-01
   8.7006065e-01  -5.1192028e-01
   8.4218018e-01  -5.2920274e-01
   8.1366143e-01  -5.4500751e-01
   7.8458164e-01  -5.5931345e-01
   7.5501859e-01  -5.7210342e-01
   7.2505039e-01  -5.8336426e-01
   6.9475529e-01  -5.9308682e-01
   6.6421148e-01  -6.0126588e-01
   6.3349689e-01  -6.0790020e-01
   6.0268896e-01  -6.1299242e-01
   5.7186451e-01  -6.1654904e-01
   5.4109950e-01  -6.1858036e-01
   5.1046884e-01  -6.1910040e-01
   4.8004624e-01  -6.1812684e-01
   4.4990403e-01  -6.1568094e-01
   4.2011296e-01  -6.1178743e-01
   3.9074204e-01  -6.0647441e-01
   3.6185842e-01  -5.9977325e-01
   3.3352718e-01  -5.9171848e-01
   3.0581123e-01  -5.8234765e-01
   2.7877114e-01  -5.7170120e-01
   2.5246501e-01  -5.5982233e-01
   2.2694837e-01  -5.4675687e-01
   2.0227405e-01  -5.3255310e-01
   1.7849206e-01  -5.1726162e-01
   1.5564950e-01  -5.0093520e-01
   1.3379049e-01  -4.8362857e-01
   1.1295604e-01  -4.6539834e-01
   9.3184023e-02  -4.4630272e-01
   7.4509100e-02  -4.2640146e-01
   5.4183802e-02  -4.0881540e-01
   3.4727309e-02  -3.9027269e-01
   1.1433080e-02  -3.6738762e-01
  -1.1451986e-02  -3.4450256e-01
  -3.4337053e-02  -3.2161749e-01
  -5.7222119e-02  -2.9873243e-01
  -8.0107185e-02  -2.7584736e-01
  -1.0299225e-01  -2.5296229e-01
  -1.2587732e-01  -2.3007723e-01
  -1.4876238e-01  -2.0719216e-01
  -1.7164745e-01  -1.8430709e-01
  -1.9453252e-01  -1.6142203e-01
  -2.1741758e-01  -1.3853696e-01
  -2.4030265e-01  -1.1565190e-01
  -2.6318772e-01  -9.2766829e-02
  -2.8607278e-01  -6.9881762e-02
  -3.0895785e-01  -4.6996696e-02
  -3.3184291e-01  -2.4111630e-02
  -3.5472798e-01  -1.2265636e-03
  -3.7761305e-01   2.1658503e-02
  -4.0049811e-01   4.4543569e-02
  -4.2338318e-01   6.7428635e-02
  -4.4626825e-01   9.0313702e-02
  -4.6915331e-01   1.1319877e-01
  -4.9203838e-01   1.3608383e-01
  -5.1492344e-01   1.5896890e-01
  -5.3780851e-01   1.8185397e-01
  -5.6069358e-01   2.0473903e-01
  -5.8357864e-01   2.2762410e-01
  -6.1138705e-01   2.5079952e-01
  -6.4291744e-01   2.6858271e-01
  -6.7713687e-01   2.8039111e-01
  -7.1292430e-01   2.8583785e-01
  -7.4910734e-01   2.8474452e-01
  -7.8450061e-01   2.7714692e-01
  -8.1794463e-01   2.6329395e-01
  -8.4834377e-01   2.4363944e-01
  -8.7470215e-01   2.1882727e-01
  -8.9615625e-01   1.8967031e-01
  -9.1200325e-01   1.5712372e-01
  -9.2172398e-01   1.2225375e-01
  -9.2500000e-01   8.6202743e-02
  -9.2500000e-01   4.9661405e-02
  -9.2500000e-01   1.3120068e-02
  -9.2500000e-01  -2.3421270e-02
  -9.2500000e-01  -5.9962608e-02
  -9.2500000e-01  -9.6503946e-02
  -9.2500000e-01  -1.3304528e-01
  -9.2500000e-01  -1.6958662e-01
  -9.2500000e-01  -2.0612796e-01
  -9.2500000e-01  -2.4266930e-01
  -9.2500000e-01  -2.7921064e-01
  -9.2500000e-01  -3.1575197e-01
  -9.2500000e-01  -3.5229331e-01
  -9.2500000e-01  -3.8883465e-01
  -9.2500000e-01  -4.2537599e-01
  -9.2500000e-01  -4.6191732e-01
  -9.2500000e-01  -4.9845866e-01
  -9.2500000e-01  -5.3500000e-01
  -9.2256179e-01  -5.7219996e-01
  -9.1528886e-01  -6.0876343e-01
  -9.0330567e-01  -6.4406478e-01
  -8.8681724e-01  -6.7750000e-01
  -8.6610570e-01  -7.0849701e-01
  -8.4152543e-01  -7.3652543e-01
  -8.1349701e-01  -7.6110570e-01
  -7.8250000e-01  -7.8181724e-01
  -7.4906478e-01  -7.9830567e-01
  -7.1376343e-01  -8.1028886e-01
  -6.7719996e-01  -8.1756179e-01
  -6.4000000e-01  -8.2000000e-01
  -6.0750000e-01  -8.2000000e-01
  -5.7500000e-01  -8.2000000e-01
  -5.3825010e-01  -8.2340538e-01
  -5.0275167e-01  -8.3350555e-01
  -4.6971357e-01  -8.4995657e-01
  -4.4026087e-01  -8.7219822e-01
  -4.1539655e-01  -8.9947307e-01
  -3.9596734e-01  -9.3085233e-01
  -3.8263487e-01  -9.6526740e-01
  -3.7585316e-01  -1.0015463e+00
  -3.7585316e-01  -1.0384537e+00
  -3.8263487e-01  -1.0747326e+00
  -3.9596734e-01  -1.1091477e+00
  -4.1539655e-01  -1.1405269e+00
  -4.4026087e-01  -1.1678018e+00
  -4.6971357e-01  -1.1900434e+00
  -5.0275167e-01  -1.2064944e+00
  -5.3825010e-01  -1.2165946e+00
  -5.7500000e-01  -1.2200000e+00
  -6.1250000e-01  -1.2200000e+00
  -6.5000000e-01  -1.2200000e+00
  -6.8750000e-01  -1.2200000e+00
  -7.2500000e-01  -1.2200000e+00
  -7.6174990e-01  -1.2234054e+00
  -7.9724833e-01  -1.2335056e+00
  -8.3028643e-01  -1.2499566e+00
  -8.5973913e-01  -1.2721982e+00
  -8.8460345e-01  -1.2994731e+00
  -9.0403266e-01  -1.3308523e+00
  -9.1736513e-01  -1.3652674e+00
  -9.2414684e-01  -1.4015463e+00
  -9.2414684e-01  -1.4384537e+00
  -9.1736513e-01  -1.4747326e+00
  -9.0403266e-01  -1.5091477e+00
  -8.8460345e-01  -1.5405269e+00
  -8.5973913e-01  -1.5678018e+00
  -8.3028643e-01  -1.5900434e+00
  -7.9724833e-01  -1.6064944e+00
  -7.6174990e-01  -1.6165946e+00
  -7.2500000e-01  -1.6200000e+00
  -6.8826087e-01  -1.6200000e+00
  -6.5152174e-01  -1.6200000e+00
  -6.1478261e-01  -1.6200000e+00
  -5.7804348e-01  -1.6200000e+00
  -5.4130435e-01  -1.6200000e+00
  -5.0456522e-01  -1.6200000e+00
  -4.6782609e-01  -1.6200000e+00
  -4.3108696e-01  -1.6200000e+00
  -3.9434783e-01  -1.6200000e+00
  -3.5760870e-01  -1.6200000e+00
  -3.2086957e-01  -1.6200000e+00
  -2.8413043e-01  -1.6200000e+00
  -2.4739130e-01  -1.6200000e+00
  -2.1065217e-01  -1.6200000e+00
  -1.7391304e-01  -1.6200000e+00
  -1.3717391e-01  -1.6200000e+00
  -1.0043478e-01  -1.6200000e+00
  -6.3695652e-02  -1.6200000e+00
  -2.6956522e-02  -1.6200000e+00
   9.7826087e-03  -1.6200000e+00
   4.6521739e-02  -1.6200000e+00
   8.3260870e-02  -1.6200000e+00
   1.1950000e-01  -1.6200000e+00
   1.5568925e-01  -1.6164357e+00
   1.9048778e-01  -1.6058797e+00
   2.2255828e-01  -1.5887376e+00
   2.5066831e-01  -1.5656683e+00
   2.7373761e-01  -1.5375583e+00
   2.9087965e-01  -1.5054878e+00
   3.0143567e-01  -1.4706893e+00
   3.0500000e-01  -1.4345000e+00
   3.0856433e-01  -1.3993107e+00
   3.1912035e-01  -1.3645122e+00
   3.3626239e-01  -1.3324417e+00
   3.5933169e-01  -1.3043317e+00
   3.8744172e-01  -1.2812624e+00
   4.1951222e-01  -1.2641203e+00
   4.5431075e-01  -1.2535643e+00
   4.9050000e-01  -1.2500000e+00
   5.2600000e-01  -1.2500000e+00
   5.6200000e-01  -1.2500000e+00
   5.9800000e-01  -1.2500000e+00
   6.3400000e-01  -1.2500000e+00
   6.7000000e-01  -1.2500000e+00
   7.0600000e-01  -1.2500000e+00
   7.4200000e-01  -1.2500000e+00
   7.7800000e-01  -1.2500000e+00
   8.1400000e-01  -1.2500000e+00
   8.5000000e-01  -1.2500000e+00
   8.8592435e-01  -1.2491448e+00
   9.2176731e-01  -1.2465813e+00
   9.5744770e-01  -1.2423152e+00
   9.9288469e-01  -1.2363562e+00
   1.0279980e+00  -1.2287177e+00
   1.0627081e+00  -1.2194172e+00
   1.0969363e+00  -1.2084756e+00
   1.1306052e+00  -1.1959178e+00
   1.1636383e+00  -1.1817722e+00
   1.1959610e+00  -1.1660708e+00
   1.2275000e+00  -1.1488492e+00
   1.2581838e+00  -1.1301464e+00
   1.2879430e+00  -1.1100048e+00
   1.3167100e+00  -1.0884701e+00
   1.3444199e+00  -1.0655909e+00
   1.3710097e+00  -1.0414192e+00
   1.3964192e+00  -1.0160097e+00
   1.4205909e+00  -9.8941985e-01
   1.4434701e+00  -9.6171003e-01
   1.4650048e+00  -9.3294297e-01
   1.4851464e+00  -9.0318382e-01
   1.5038492e+00  -8.7250000e-01
   1.5210708e+00  -8.4096102e-01
   1.5367722e+00  -8.0863833e-01
   1.5509178e+00  -7.7560515e-01
   1.5634756e+00  -7.4193631e-01
   1.5744172e+00  -7.0770808e-01
   1.5837177e+00  -6.7299800e-01
   1.5913562e+00  -6.3788469e-01
   1.5973152e+00  -6.0244770e-01
   1.6015813e+00  -5.6676731e-01
   1.6041448e+00  -5.3092435e-01
   1.6050000e+00  -4.9500000e-01
   1.6050000e+00  -4.5907407e-01
   1.6050000e+00  -4.2314815e-01
   1.6050000e+00  -3.8722222e-01
   1.6050000e+00  -3.5129630e-01
   1.6050000e+00  -3.1537037e-01
   1.6050000e+00  -2.7944444e-01
   1.6050000e+00  -2.4351852e-01
   1.6050000e+00  -2.0759259e-01
   1.6050000e+00  -1.7166667e-01
   1.6050000e+00  -1.3574074e-01
   1.6050000e+00  -9.9814815e-02
   1.6050000e+00  -6.3888889e-02
   1.6050000e+00  -2.7962963e-02
   1.6050000e+00   7.9629630e-03
   1.6050000e+00   4.3888889e-02
   1.6050000e+00   7.9814815e-02
   1.6050000e+00   1.1574074e-01
   1.6050000e+00   1.5166667e-01
   1.6050000e+00   1.8759259e-01
   1.6050000e+00   2.2351852e-01
   1.6050000e+00   2.5944444e-01
   1.6050000e+00   2.9537037e-01
   1.6050000e+00   3.3129630e-01
   1.6050000e+00   3.6722222e-01
   1.6050000e+00   4.0314815e-01
   1.6050000e+00   4.3907407e-01
   1.6050000e+00   4.7500000e-01
   1.6043429e+00   5.1097419e-01
   1.6023723e+00   5.4690038e-01
   1.5990910e+00   5.8273064e-01
   1.5945032e+00   6.1841715e-01
   1.5886152e+00   6.5391230e-01
   1.5814347e+00   6.8916872e-01
   1.5729714e+00   7.2413938e-01
   1.5632366e+00   7.5877761e-01
   1.5522432e+00   7.9303720e-01
   1.5400059e+00   8.2687243e-01
   1.5265410e+00   8.6023815e-01
   1.5118665e+00   8.9308985e-01
   1.4960020e+00   9.2538369e-01
   1.4789687e+00   9.5707658e-01
   1.4607892e+00   9.8812624e-01
   1.4414879e+00   1.0184912e+00
   1.4210904e+00   1.0481310e+00
   1.3996240e+00   1.0770061e+00
   1.3771174e+00   1.1050779e+00
   1.3536006e+00   1.1323090e+00
   1.3291049e+00   1.1586631e+00
   1.3036631e+00   1.1841049e+00
   1.2773090e+00   1.2086006e+00
   1.2500779e+00   1.2321174e+00
   1.2220061e+00   1.2546240e+00
   1.1931310e+00   1.2760904e+00
   1.1634912e+00   1.2964879e+00
   1.1331262e+00   1.3157892e+00
   1.1020766e+00   1.3339687e+00
   1.0703837e+00   1.3510020e+00
   1.0380898e+00   1.3668665e+00
   1.0052381e+00   1.3815410e+00
   9.7187243e-01   1.3950059e+00
   9.3803720e-01   1.4072432e+00
   9.0377761e-01   1.4182366e+00
   8.6913938e-01   1.4279714e+00
   8.3416872e-01   1.4364347e+00
   7.9891230e-01   1.4436152e+00
   7.6341715e-01   1.4495032e+00
   7.2773064e-01   1.4540910e+00
   6.9190038e-01   1.4573723e+00
   6.5597419e-01   1.4593429e+00
   6.2000000e-01   1.4600000e+00
   5.8364865e-01   1.4600000e+00
   5.4729730e-01   1.4600000e+00
   5.1094595e-01   1.4600000e+00
   4.7459459e-01   1.4600000e+00
   4.3824324e-01   1.4600000e+00
   4.0189189e-01   1.4600000e+00
   3.6554054e-01   1.4600000e+00
   3.2918919e-01   1.4600000e+00
   2.9283784e-01   1.4600000e+00
   2.5648649e-01   1.4600000e+00
   2.2013514e-01   1.4600000e+00
   1.8378378e-01   1.4600000e+00
   1.4743243e-01   1.4600000e+00
   1.1108108e-01   1.4600000e+00
   7.4729730e-02   1.4600000e+00
   3.8378378e-02   1.4600000e+00
   2.0270270e-03   1.4600000e+00
  -3.4324324e-02   1.4600000e+00
  -7.0675676e-02   1.4600000e+00
  -1.0702703e-01   1.4600000e+00
  -1.4337838e-01   1.4600000e+00
  -1.7972973e-01   1.4600000e+00
  -2.1608108e-01   1.4600000e+00
  -2.5243243e-01   1.4600000e+00
  -2.8878378e-01   1.4600000e+00
  -3.2513514e-01   1.4600000e+00
  -3.6148649e-01   1.4600000e+00
  -3.9783784e-01   1.4600000e+00
  -4.3418919e-01   1.4600000e+00
  -4.7054054e-01   1.4600000e+00
  -5.0689189e-01   1.4600000e+00
  -5.4324324e-01   1.4600000e+00
  -5.7959459e-01   1.4600000e+00
  -6.1594595e-01   1.4600000e+00
  -6.5229730e-01   1.4600000e+00
  -6.8864865e-01   1.4600000e+00
  -7.2500000e-01   1.4600000e+00
  -7.6105101e-01   1.4567240e+00
  -7.9592098e-01   1.4470032e+00
  -8.2846756e-01   1.4311563e+00
  -8.5762453e-01   1.4097021e+00
  -8.8243670e-01   1.3833438e+00
  -9.0209121e-01   1.3529446e+00
  -9.1594417e-01   1.3195006e+00
  -9.2354177e-01   1.2841073e+00
  -9.2463511e-01   1.2479243e+00
  -9.1918836e-01   1.2121369e+00
  -9.0737997e-01   1.1779174e+00
  -8.8959677e-01   1.1463871e+00
  -8.6642136e-01   1.1185786e+00
